2 1 {1}
3 1 {2}
5 2 {2, 3}
7 2 {3, 5}
11 4 {8, 2, 6, 7}
13 4 {2, 11, 6, 7}
17 8 {3, 5, 6, 7, 10, 11, 12, 14}
19 6 {2, 3, 10, 13, 14, 15}
23 10 {5, 7, 10, 11, 14, 15, 17, 19, 20, 21}
29 12 {2, 3, 8, 10, 11, 14, 15, 18, 19, 21, 26, 27}
31 8 {3, 11, 12, 13, 17, 21, 22, 24}
37 12 {32, 2, 35, 5, 13, 15, 17, 18, 19, 20, 22, 24}
41 16 {6, 7, 11, 12, 13, 15, 17, 19, 22, 24, 26, 28, 29, 30, 34, 35}
43 12 {33, 34, 3, 5, 12, 18, 19, 20, 26, 28, 29, 30}
47 22 {5, 10, 11, 13, 15, 19, 20, 22, 23, 26, 29, 30, 31, 33, 35, 38, 39, 40, 41, 43, 44, 45}
53 24 {2, 3, 5, 8, 12, 14, 18, 19, 20, 21, 22, 26, 27, 31, 32, 33, 34, 35, 39, 41, 45, 48, 50, 51}
59 28 {2, 6, 8, 10, 11, 13, 14, 18, 23, 24, 30, 31, 32, 33, 34, 37, 38, 39, 40, 42, 43, 44, 47, 50, 52, 54, 55, 56}
61 16 {2, 6, 7, 10, 17, 18, 26, 30, 31, 35, 43, 44, 51, 54, 55, 59}
67 20 {2, 7, 11, 12, 13, 18, 20, 28, 31, 32, 34, 41, 44, 46, 48, 50, 51, 57, 61, 63}
71 24 {65, 67, 68, 69, 7, 11, 13, 21, 22, 28, 31, 33, 35, 42, 44, 47, 52, 53, 55, 56, 59, 61, 62, 63}
73 24 {68, 5, 11, 13, 14, 15, 20, 26, 28, 29, 31, 33, 34, 39, 40, 42, 44, 45, 47, 53, 58, 59, 60, 62}
79 24 {66, 3, 68, 6, 7, 70, 74, 75, 77, 28, 29, 30, 34, 35, 37, 39, 43, 47, 48, 53, 54, 59, 60, 63}
83 40 {2, 5, 6, 8, 13, 14, 15, 18, 19, 20, 22, 24, 32, 34, 35, 39, 42, 43, 45, 46, 47, 50, 52, 53, 54, 55, 56, 57, 58, 60, 62, 66, 67, 71, 72, 73, 74, 76, 79, 80}
89 40 {3, 6, 7, 13, 14, 15, 19, 23, 24, 26, 27, 28, 29, 30, 31, 33, 35, 38, 41, 43, 46, 48, 51, 54, 56, 58, 59, 60, 61, 62, 63, 65, 66, 70, 74, 75, 76, 82, 83, 86}
97 32 {5, 7, 10, 13, 14, 15, 17, 21, 23, 26, 29, 37, 38, 39, 40, 41, 56, 57, 58, 59, 60, 68, 71, 74, 76, 80, 82, 83, 84, 87, 90, 92}
